radio_externo: 40.0000001
radio_interno: 20.0000001
profundidad: 59.9999999
lado_cubo: 120.00000030000001
